2 26 28 5 14 33 24 17 23 35 36 44 39 29 8 40 48 16 32 30 41 42 49 20 45 10 38 27 21 12 25 43 3 4 46 15 34 31 13 18 6 11 22 1 47 9 19 7 37 50
26 1 2 3 27 4 5 6 28 7 8 9 29 10 11 12 30 13 14 15 31 16 17 18 32 19 20 33 34 35 21 36 37 38 22 39 40 41 23 42 43 44 24 45 46 47 25 48 49 50
41 2 27 4 1 14 32 25 31 3 44 23 47 24 35 13 36 8 33 11 46 26 28 6 43 17 39 15 49 21 40 12 38 18 37 20 48 9 34 5 29 22 30 7 42 10 45 16 19 50
50 36 43 23 22 35 5 12 44 33 1 6 2 37 46 39 49 3 25 15 17 13 31 8 4 32 7 42 20 30 38 21 29 11 19 9 27 41 40 47 45 48 14 24 10 34 16 28 18 26
37 36 3 44 18 9 45 1 6 27 11 20 17 4 24 12 22 31 35 26 29 46 30 25 2 39 33 8 13 16 15 40 32 21 42 19 47 49 23 41 38 48 43 28 10 5 7 14 34 50
16 14 15 4 5 6 10 11 9 1 2 8 12 3 7 13
10 7 9 46 12 17 14 26 39 11 28 5 27 15 21 20 33 32 43 18 1 22 36 35 44 8 42 41 47 13 24 3 38 29 40 19 2 30 34 25 45 48 31 23 6 16 49 37 4 50
50 26 38 11 48 40 22 45 18 9 3 13 15 7 21 1 25 42 32 39 20 10 28 6 49 23 34 14 43 5 29 16 36 2 47 31 27 30 35 41 46 8 44 33 24 19 17 12 37 4
30 2 1 3 4 5 6 7 8 9 10 11 12 13 14 15 16 17 18 19 20 21 22 23 24 25 26 27 28 29
46 48 1 2 3 4 5 6 7 8 9 10 11 12 14 13 15 16 18 17 26 19 44 20 34 21 24 22 32 23 39 25 40 27 41 28 42 29 35 30 49 31 45 36 47 33 38 37 43 50
2 1 4 3 5 6 7 8
25 12 13 11 2 26 22 39 8 29 35 32 33 10 37 24 40 41 1 27 18 45 38 20 17 49 30 48 9 47 34 28 42 7 43 44 46 5 36 16 6 15 4 3 23 21 19 14 31 50
9 45 6 32 2 25 30 42 44 10 18 24 46 35 4 8 36 22 20 15 31 5 16 26 13 14 41 39 47 12 1 34 28 17 48 37 49 21 23 29 33 3 38 43 40 11 27 19 7 50
26 44 45 18 42 41 49 23 47 20 10 40 21 43 25 36 2 13 5 28 46 48 29 12 31 35 22 34 38 4 37 8 1 9 15 24 3 27 30 39 33 11 19 6 14 7 17 16 32 50
50 6 49 37 11 35 24 1 19 7 17 42 41 14 44 27 13 43 2 4 5 15 39 22 10 48 21 34 28 29 40 8 3 23 31 18 47 25 30 46 36 26 16 9 32 12 38 20 33 45
10 14 23 45 39 30 5 7 11 27 31 47 19 42 17 13 22 36 33 8 16 24 32 3 4 1 44 37 28 9 34 48 40 21 46 26 35 6 12 20 41 15 18 25 43 38 49 2 29 50
14 1 4 47 29 3 32 12 30 23 16 24 11 21 48 20 13 34 49 28 39 2 36 40 9 42 8 17 45 10 25 15 5 22 43 18 33 31 26 38 37 44 35 27 7 46 41 19 6 50
9 8 7 14 13 12 1 2 3 4 5 41 40 39 46 45 44 10 11 19 18 17 16 20 21 22 15 23 24 28 29 30 25 26 27 35 34 33 32 36 37 38 31 43 42 6 47 48
1 4 3 5 2 6
46 9 11 43 28 39 15 10 22 49 42 32 1 13 40 18 6 31 23 12 30 29 20 47 33 34 45 16 7 35 26 5 14 41 21 44 19 8 37 4 3 48 38 2 24 36 17 25 27 50
15 22 8 38 30 1 3 26 44 14 9 31 21 28 35 42 19 7 37 17 25 32 29 18 6 33 27 20 48 45 41 2 23 40 5 12 10 46 16 43 36 47 24 34 39 49 4 11 13 50
44 8 37 13 3 1 39 11 26 28 19 36 18 4 10 16 20 27 34 7 23 5 6 32 17 12 14 29 24 15 31 25 30 2 38 42 9 33 35 40 22 21 41 43
1 2 3 4 5 6 7 8 9 10 11 12 13 14 15 16 17 18 19 20 21 22 23 24 25 26 27 28 29 30 31 32 33 34 35 36 37 38 39 40 41 42 43 44 45 46 47 48 49 50
26 9 19 11 8 3 16 15 24 7 1 4 17 13 14 20 18 22 21 12 6 2 25 5 10 23
7 9 15 6 2 18 1 3 17 14 12 10 13 5 11 16 8 4 19 20
31 15 26 40 1 8 38 45 42 5 13 25 18 19 35 17 46 4 36 32 47 16 20 28 10 12 21 2 27 39 11 6 41 9 44 43 7 37 29 49 22 48 30 34 14 33 3 24 23 50
2 13 27 37 21 42 44 15 46 10 22 1 29 11 24 20 7 45 32 3 40 35 30 38 23 17 41 4 34 43 47 5 8 16 9 6 26 18 36 48 49 28 14 25 33 31 12 39 19 50
38 35 14 13 17 26 15 29 8 7 10 42 23 32 34 25 43 45 21 1 49 16 41 6 18 5 47 48 2 33 12 19 37 44 46 28 9 27 39 24 20 40 4 22 36 30 31 11 3 50
46 14 33 28 3 34 44 21 18 1 10 29 42 8 37 11 9 30 15 27 31 45 36 4 23 13 41 2 47 22 38 5 7 43 20 26 17 49 12 6 39 16 25 40 19 24 35 32 50 48
28 2 1 6 10 15 21 14 7 23 8 11 16 30 33 9 13 18 25 22 12 38 24 20 27 19 43 17 36 32 26 44 35 31 39 29 37 45 48 40 34 41 46 3 4 5 47 42 49 50
50 11 34 12 37 29 5 19 10 18 20 24 27 17 48 28 41 22 21 31 9 14 36 47 30 26 42 15 38 4 33 46 23 35 8 13 44 25 43 45 49 7 16 3 32 2 40 1 6 39
47 46 11 19 14 22 27 35 30 38 43 42 41 40 37 36 33 32 29 28 25 24 21 20 17 16 13 12 9 8 5 3 2 1 4 6 7 10 15 18 23 26 31 34 39 44 45 48
40 6 48 20 35 10 43 42 32 5 14 3 45 33 17 11 18 19 24 21 46 2 15 47 9 44 13 34 39 25 16 38 49 7 37 36 8 31 28 23 27 22 29 12 41 26 30 1 4 50
48 8 6 33 4 44 7 26 15 14 1 41 11 23 17 2 31 36 30 21 24 3 10 22 49 25 29 39 5 46 37 12 45 27 9 19 28 20 18 38 47 32 43 35 34 16 13 42 40 50
19 43 15 32 29 4 8 42 1 30 49 37 18 33 9 23 24 26 41 40 13 47 16 7 21 28 48 10 31 46 20 45 3 2 12 27 44 22 6 25 14 38 17 5 34 11 39 35 36 50
13 9 10 15 16 12 11 6 14 19 27 22 30 35 43 38 46 45 41 42 47 1 5 4 8 7 2 3 17 21 20 24 23 18 25 26 31 32 28 29 33 37 36 40 39 34 44 48
8 3 4 9 1 12 6 7 15 11 10 14 2 5 13 16 23 45 17 35 26 31 20 33 29 36 27 19 48 40 18 34 25 22 32 43 49 30 24 21 44 39 28 38 37 47 46 42 41 50
10 9 8 1 2 3 4 5 7 6 11 12 13 14 15 17 16 18 19 21 22 23 24 25 26 28 29 27 20 30
40 44 36 15 8 9 28 39 27 18 24 22 32 26 37 19 7 3 48 43 30 25 11 16 35 49 45 4 1 10 38 34 41 23 20 5 33 29 46 6 21 2 47 31 42 13 12 14 50 17
23 43 16 33 41 21 7 3 40 17 38 32 6 24 34 48 5 47 46 36 2 13 8 27 44 15 19 18 26 10 45 30 20 35 14 22 12 4 1 31 49 28 25 39 29 9 11 42 37 50
10 22 4 3 14 6 38 21 26 24 8 7 16 2 20 1 40 48 12 5 30 28 42 9 32 23 34 25 17 31 46 11 27 15 36 33 13 39 44 41 47 35 18 29 43 45 50 37 19 49
39 45 10 43 8 28 23 31 17 5 49 15 4 24 30 33 3 21 47 34 44 40 7 19 14 11 6 1 22 29 37 46 20 16 48 9 36 35 27 25 2 12 38 42 32 13 41 26 18 50
41 11 6 2 1 10 17 34 19 3 32 16 38 40 12 22 49 39 15 23 46 44 14 47 29 35 4 24 27 31 20 33 7 26 5 18 9 8 36 37 28 42 45 43 25 21 13 48 30 50
9 4 6 2 1 5 8 7 3 10
10 1 2 36 31 32 19 11 12 28 21 22 23 26 24 25 27 29 30 4 3 5 33 34 35 15 13 14 44 41 42 17 16 18 37 38 39 8 6 7 40 43 45 9 46 47 48 20 49 50
4 21 28 24 8 6 15 42 16 29 41 12 9 2 10 17 35 23 46 47 45 33 19 39 14 1 22 20 44 3 26 27 34 13 49 38 31 18 32 30 37 40 7 11 5 43 25 48 36 50
32 1 19 40 29 18 34 15 47 27 10 49 45 14 16 5 25 36 6 37 12 48 35 13 24 30 46 2 3 28 39 20 21 41 23 11 38 33 44 42 17 9 26 4 43 22 8 31 50 7
50 48 36 8 46 38 3 35 11 44 26 20 23 30 1 31 28 49 10 33 43 32 2 42 6 45 9 7 41 47 25 22 24 4 19 34 27 29 5 37 21 40 39 15 14 13 12 16 17 18
24 39 35 6 20 3 49 5 21 34 22 23 2 4 43 16 31 11 12 30 44 28 9 18 33 13 32 38 26 7 25 47 48 40 1 17 15 10 37 42 45 14 36 46 41 29 19 8 27 50
48 36 31 20 19 43 1 4 11 38 12 29 45 16 26 41 49 32 39 27 23 8 28 3 47 46 6 40 5 7 10 35 37 25 22 34 17 2 21 15 18 9 13 42 24 30 44 33 50 14
50 5 45 47 24 13 11 39 9 10 27 7 1 23 26 8 22 25 20 6 35 38 49 36 12 29 32 46 33 17 18 14 2 3 40 30 34 16 28 44 19 4 21 42 37 48 15 41 43 31
22 34 2 30 49 27 12 6 33 5 45 40 7 25 10 46 17 31 32 37 35 3 28 4 24 36 8 16 23 15 1 38 9 47 29 41 43 44 11 19 18 42 14 39 26 13 21 20 48 50
50 3 5 11 19 8 24 20 18 41 23 7 40 37 34 27 6 28 12 17 26 14 1 22 48 2 32 15 4 36 39 43 21 47 31 25 35 29 33 44 46 10 30 45 49 16 42 38 13 9
22 5 13 19 10 14 20 6 7 1 4 8 2 12 18 21 3 17 16 9 15 11
18 17 21 20 24 23 22 6 11 19 14 27 35 30 38 43 40 36 37 33 32 28 29 25 26 1 5 4 8 7 2 3 46 45 41 42 9 13 12 16 15 10 31 34 39 44 47 48
34 22 19 15 6 20 24 43 40 18 4 25 33 16 31 7 35 1 9 45 32 36 44 48 41 46 26 13 10 23 11 49 2 30 39 3 27 37 14 21 29 5 12 17 47 8 42 28 38 50
2 1 3 4
10 4 2 9 1 7 6 3 5 8
50 49 43 40 39 33 30 29 23 20 19 13 10 9 3 2 1 6 7 8 4 5 11 16 12 15 14 18 17 21 22 26 27 28 24 25 31 36 32 34 35 38 37 41 42 46 47 48 44 45
44 21 27 14 15 13 34 28 1 9 17 23 8 7 37 46 24 3 43 12 6 18 29 22 25 20 36 30 45 4 48 38 31 16 10 39 11 42 33 2 32 5 19 49 47 41 35 26 40 50
23 35 44 6 27 30 7 12 26 34 2 5 17 4 20 11 47 40 41 24 28 22 18 9 10 32 21 13 3 31 1 45 46 33 36 42 15 49 37 48 14 19 39 38 16 29 25 8 43 50
3 1 2 26 27 28 4 5 6 30 29 31 7 8 9 32 33 34 10 11 12 36 35 37 13 14 15 38 39 40 16 17 18 42 41 43 19 20 21 44 45 46 22 23 24 48 47 49 25 50
26 8 24 13 6 4 3 22 31 21 48 27 5 9 34 15 23 40 36 45 14 32 39 37 49 28 41 43 25 30 11 46 38 2 7 33 44 17 18 47 20 1 35 16 42 12 50 10 29 19
3 1 2 4
35 46 23 21 47 14 4 31 7 39 34 1 17 45 28 49 5 48 6 10 15 38 25 40 32 20 43 41 36 11 12 8 30 13 24 22 33 26 42 3 19 29 27 2 18 16 37 44 9 50
45 44 43 42 41 40 39 38 37 21 20 19 18 17 16 15 14 13 12 11 10 9 8 7 6 5 4 3 2 1 32 31 30 29 28 27 36 35 34 33 26 25 24 23 22 48 49 46 47 50
29 33 8 37 30 20 21 25 17 15 4 3 11 32 35 5 28 12 7 38 36 39 2 10 18 31 9 22 23 13 6 16 19 14 27 24 1 34 26 40
1 3 5 2 4 6 7 9 11 8 10 12 13 15 17 14 16 18 19 21 23 20 22 24 25 27 29 26 28 30 31 33 35 32 34 36 37 39 41 38 40 42 43 45 47 44 46 48 49 50
23 17 48 21 4 6 12 14 41 22 29 7 32 24 47 1 38 35 25 26 27 16 5 43 18 45 10 19 2 20 34 37 31 33 39 46 28 42 49 30 11 40 3 36 8 44 9 15 13 50
29 12 3 4 2 16 5 20 7 6 27 9 14 19 26 43 1 8 11 13 25 24 28 18 32 10 15 22 17 31 34 46 23 30 21 33 41 38 45 47 44 40 48 42 37 39 35 49 36 50
4 5 2 7 8 3 9 1 6 10
9 1 2 3 4 5 6 7 8 12 11 10 18 26 27 28 24 23 22 14 13 17 15 16 20 19 21 25 30 29 33 31 32 36 35 34 41 37 38 39 40 44 43 42 49 45 46 47 48 50
20 4 18 22 14 47 17 28 38 23 9 33 11 49 2 26 1 44 48 35 43 13 7 40 3 21 15 30 25 37 16 24 19 42 41 8 10 29 46 36 31 12 32 45 27 39 5 6 34 50
42 41 45 44 43 6 11 19 14 22 27 35 30 38 46 3 2 1 5 4 8 7 9 13 12 16 15 10 17 21 20 24 23 18 25 29 28 32 31 26 33 37 36 40 39 34 47 48
10 1 3 4 9 2 17 16 7 5 8 13 6 11 12 15 14 18
12 20 7 2 25 27 8 14 16 19 4 17 18 24 9 6 3 26 10 5 21 22 15 23 13 1 11 28
11 21 3 22 25 19 13 18 7 6 24 2 23 29 12 5 26 4 36 37 8 35 14 20 9 17 16 10 31 28 38 33 34 27 15 1 32 39 30 40
28 6 38 15 18 9 35 32 21 31 23 37 49 16 14 20 8 39 47 3 26 42 44 4 5 41 12 11 2 25 1 34 29 46 7 30 43 17 33 48 40 22 13 45 19 36 10 24 27 50
10 3 46 38 14 33 34 35 39 31 18 6 2 20 28 23 41 40 29 16 12 22 19 42 26 27 17 30 5 36 47 13 4 44 9 49 7 43 32 11 21 1 45 25 48 37 8 15 24 50
2 1 3 4 5 6 7 8 9 10 11 12 13 14 15 16 17 18 19 20 21 22 23 24 25 26 27 28 29 30 31 32 33 34 35 36 37 38 39 40 41 42 43 44 45 46 47 48 49 50
13 9 20 45 26 40 5 10 7 42 37 34 14 12 16 44 48 28 15 21 6 49 27 41 23 17 18 35 46 38 8 25 11 47 29 33 19 4 22 30 43 36 24 2 3 32 31 39 1 50
30 1 39 5 15 2 28 37 3 35 13 10 14 26 20 27 16 17 45 34 32 8 42 47 36 21 43 25 4 7 41 48 18 38 49 24 9 29 23 22 33 44 12 46 40 6 31 11 19 50
29 40 2 12 11 14 6 28 13 36 38 8 5 34 20 48 9 18 10 24 7 46 42 26 1 22 30 25 21 43 4 3 27 33 44 41 39 19 32 17 31 23 16 15 45 47 50 49 35 37
39 8 9 6 44 17 29 14 2 20 40 11 47 38 10 22 13 26 46 12 24 16 43 30 19 25 41 31 35 18 5 15 27 42 3 4 45 37 7 32 33 28 1 34 36 49 23 48 21 50
47 22 23 14 20 35 37 19 3 21 24 9 5 36 27 16 30 40 46 43 7 11 45 28 39 38 49 2 8 17 34 29 25 41 10 42 12 26 33 32 44 13 15 4 48 18 1 6 31 50
30 1 2 3 4 5 6 7 8 9 10 11 12 13 14 15 16 17 18 19 20 21 22 23 24 25 26 27 28 29
35 30 29 23 20 19 13 10 9 3 2 6 7 8 4 5 1 49 43 40 39 33 32 31 36 37 38 34 11 12 16 17 18 14 15 21 26 22 25 24 28 27 41 42 46 47 48 44 45 50
31 1 14 27 11 22 37 8 43 5 15 29 32 2 41 19 6 21 25 33 44 16 30 47 36 18 10 3 38 23 48 4 40 13 20 42 17 26 12 9 46 35 49 7 28 39 45 34 24 50
2 5 4 3 1 6
50 5 10 9 27 38 6 2 22 32 7 20 46 28 26 15 37 4 16 40 17 31 42 39 45 23 8 12 14 34 36 18 21 41 48 19 47 25 49 3 35 29 44 1 11 24 33 13 43 30
35 16 48 6 13 32 45 29 40 31 21 39 37 7 4 26 33 18 24 46 17 36 49 23 8 15 27 30 9 20 10 12 2 19 14 3 38 1 41 11 5 28 42 22 47 44 34 43 25 50
7 25 13 11 15 2 3 6 19 20 5 9 8 27 22 1 12 30 28 23 31 29 16 18 26 4 24 21 14 10 17 32
25 13 37 48 44 30 39 49 47 14 9 36 16 29 46 18 6 38 1 19 27 41 11 4 35 12 8 26 32 5 17 43 22 20 21 2 7 24 33 3 23 10 28 31 42 40 45 15 34 50
3 2 1 5 6 7 4 8
37 23 2 33 4 36 48 32 24 22 28 38 7 6 3 21 19 9 12 29 43 20 1 31 10 42 34 30 17 41 13 5 26 11 15 8 47 49 18 44 46 16 40 25 35 27 45 14 39 50
3 39 1 47 36 24 32 7 5 44 35 2 29 16 14 20 30 49 43 8 46 19 4 26 12 31 18 9 45 21 33 10 37 38 28 15 41 34 23 22 42 25 11 6 27 13 48 40 17 50
15 35 5 28 17 3 33 11 7 38 37 47 13 32 16 46 36 27 10 43 24 40 21 31 49 9 45 6 18 1 8 19 20 4 23 34 44 30 39 25 2 26 14 29 42 41 48 12 50 22
39 34 41 44 33 13 7 17 12 48 11 2 46 20 31 37 32 4 30 14 5 1 23 25 3 24 36 15 29 43 40 10 42 19 26 28 47 49 22 16 35 38 27 18 45 8 6 9 21 50
12 11 10 5 4 3 9 8 7 6 15 14 13 1 2 16
1 6 5 8 2 9 4 7 3 10
2 1 6 5 4 3 7 8
8 6 4 3 7 2 1 5 9 10
32 40 31 11 33 4 35 37 45 24 46 34 30 13 44 17 22 14 16 27 42 12 39 3 25 10 5 19 1 23 41 15 47 26 20 28 7 6 38 2 9 21 8 43 29 18 36 48
23 12 46 22 38 6 27 30 25 31 48 19 28 42 5 16 7 41 45 18 8 34 15 35 32 44 39 20 21 33 11 13 43 26 1 37 2 49 24 3 36 4 47 14 10 9 40 29 17 50
48 45 42 40 37 34 31 28 25 22 19 16 13 10 8 5 2 1 3 4 6 7 9 11 12 15 14 17 18 20 21 23 24 26 27 29 30 32 35 33 36 38 39 41 43 46 44 47 49 50
19 7 12 20 1 23 37 14 18 31 38 29 10 27 5 34 47 8 2 17 35 13 11 45 48 40 42 9 44 43 41 25 16 24 33 46 3 32 28 30 15 6 26 21 39 4 22 36 49 50
50 20 15 33 25 32 6 4 29 37 8 7 1 30 46 47 35 3 48 14 28 45 39 2 38 17 24 31 40 9 34 36 21 11 19 10 49 23 16 12 22 43 13 42 44 18 27 5 41 26
42 22 14 11 34 3 31 9 4 35 30 12 28 39 5 21 27 43 6 48 13 10 38 8 25 15 32 46 33 2 1 41 19 20 26 36 16 23 18 29 44 37 47 17 49 24 45 7 40 50
5 11 6 13 19 17 3 2 10 14 15 21 1 9 7 18 20 16 8 4 12 22
20 18 14 19 12 17 16 15 13 11 30 10 8 9 5 7 2 3 4 6 1 21 27 24 26 29 25 22 23 28 36 32 40 31 37 33 38 39 35 34 45 41 47 42 44 49 46 43 48 50
3 2 4 5 1 6
10 9 12 13 16 15 14 6 11 19 18 17 20 21 1 4 5 8 7 2 3 22 23 24
11 12 1 41 5 47 6 17 31 25 26 28 19 35 27 33 30 43 44 38 39 4 3 9 8 24 23 29 21 22 13 36 34 37 46 40 42 16 18 14 20 2 7 10 48 32 45 15 49 50
25 1 5 2 3 4 9 13 17 24 6 7 21 8 10 11 27 28 29 30 26 34 49 31 32 38 42 46 33 35 36 12 14 15 37 39 40 16 18 19 41 43 44 20 22 23 45 47 48 50
17 46 6 27 18 47 20 28 12 49 3 5 1 8 33 7 44 35 16 11 32 10 29 9 42 26 19 48 2 30 13 21 38 31 14 22 25 45 23 41 36 43 39 24 15 40 37 34 4 50
44 25 12 45 34 24 37 3 8 41 10 39 17 13 6 29 5 43 36 16 20 48 46 4 38 7 18 32 15 28 1 30 47 23 14 19 2 40 11 9 33 35 26 22 21 31 27 49 50 42
11 17 10 3 4 5 18 13 7 16 2 19 9 1 15 14 6 8 20 12
20 9 4 12 16 15 14 6 11 18 19 27 31 32 35 37 43 44 23 40 38 41 13 34 1 24 33 8 7 2 3 45 17 22 47 5 29 28 10 30 36 46 25 39 21 26 42 48
38 7 27 17 43 18 49 13 46 20 30 47 34 48 44 6 41 5 23 16 1 39 25 4 24 40 12 33 3 14 15 22 19 21 28 35 8 37 29 9 31 26 42 45 32 2 36 11 10 50
7 27 16 30 10 23 35 24 36 18 17 39 14 20 22 8 12 41 13 11 28 45 25 29 37 32 26 9 4 31 5 48 47 21 19 33 44 2 34 15 49 42 43 40 1 38 3 6 46 50
26 28 3 37 19 4 15 42 47 48 40 30 33 36 20 7 32 49 2 38 44 10 13 16 11 29 5 24 8 31 22 9 27 14 41 39 46 21 1 17 23 34 12 6 43 25 45 18 50 35
27 8 25 1 4 5 16 2 11 7 9 31 35 10 6 33 12 26 19 17 14 20 37 15 18 21 23 28 39 24 36 13 32 3 29 22 30 34 38 40
14 17 2 49 6 4 9 25 30 36 37 8 1 31 11 19 24 13 48 22 18 21 42 44 23 27 39 10 5 3 40 38 35 26 34 16 47 46 12 33 7 43 32 45 15 41 20 29 28 50
45 10 25 23 38 8 2 13 40 47 3 20 37 24 32 15 16 14 44 5 11 30 41 9 7 49 35 34 26 12 22 48 17 43 33 4 19 39 18 46 27 28 29 1 36 31 6 21 42 50
26 44 45 18 42 41 49 23 47 20 10 40 21 43 25 36 2 13 5 28 46 48 29 12 31 35 22 34 38 4 37 8 1 9 15 24 3 27 30 39 33 11 19 6 14 7 17 16 32 50
8 30 32 21 7 5 4 36 34 25 29 49 40 42 6 27 41 23 28 38 20 45 15 9 12 24 14 13 11 19 16 44 22 1 3 37 10 46 26 17 47 39 18 2 48 43 35 33 50 31
27 29 11 4 3 42 7 25 21 19 24 28 33 35 9 6 36 2 40 45 37 22 16 47 26 49 8 1 12 17 43 23 46 5 30 14 15 10 13 31 44 18 20 34 32 38 41 39 48 50
4 3 2 1 8 7 6 5 9 13 17 21 25 29 33 37 41 45 44 43 42 46 47 34 35 36 10 11 12 14 15 16 18 19 20 22 23 24 26 27 28 30 31 32 38 39 40 48
13 12 14 26 1 2 3 27 4 5 6 28 7 8 9 29 10 11 15 30 16 17 18 31 19 32 20 33 34 35 21 36 37 38 22 39 40 41 23 42 43 44 24 45 46 47 25 48 49 50
50 7 26 47 49 17 8 25 45 1 33 13 5 21 32 20 12 16 38 48 4 2 36 43 22 14 10 27 37 28 19 34 46 3 41 44 18 40 15 24 31 23 6 35 39 29 11 30 9 42
11 26 5 19 12 14 2 13 28 4 15 24 20 6 41 18 35 9 36 27 47 21 48 23 39 7 31 38 44 34 43 32 3 1 30 25 46 22 49 10 29 17 42 33 45 37 40 16 8 50
35 9 40 4 29 34 39 19 13 3 8 10 21 36 14 28 46 37 44 43 5 41 31 42 18 15 11 26 45 16 2 6 49 48 27 12 30 24 17 1 20 33 47 22 23 7 38 32 25 50
30 20 7 5 38 41 14 10 49 23 34 33 22 15 27 11 42 32 18 48 19 45 24 28 8 39 17 36 47 9 4 16 46 2 26 43 35 3 29 21 37 1 31 13 40 12 6 44 25 50
5 3 10 19 14 9 11 16 13 7 6 4 15 17 12 1 8 2 18 20
1 2 3 26 25 24 23 27 28 29 4 5 6 30 31 32 7 8 9 33 34 35 10 11 12 36 37 38 13 14 15 39 40 41 16 17 18 42 43 44 19 20 21 45 46 47 22 48 49 50
44 31 30 15 14 39 43 38 23 22 6 35 34 16 17 18 42 41 47 4 3 2 48 49 10 9 8 46 45 40 5 7 1 37 36 24 25 26 27 28 11 12 19 29 13 21 20 32 33 50
3 5 2 38 4 7 6 28 16 8 10 36 21 12 14 31 9 25 1 27 18 11 13 26 15 29 20 32 30 33 19 35 39 34 17 40 41 37 22 42 43 44 23 45 46 47 24 48 49 50
48 24 14 3 8 2 4 15 19 26 45 11 6 46 17 40 44 12 35 27 10 30 21 23 7 33 38 9 1 34 32 16 43 28 29 42 36 5 25 31 20 41 49 47 39 18 13 37 22 50
3 1 2 26 27 28 4 5 6 30 29 31 7 8 9 32 33 34 10 11 12 36 35 37 13 14 15 38 39 40 16 17 18 42 41 43 19 20 21 44 45 46 22 23 24 48 47 49 25 50
32 16 17 30 44 21 31 1 7 11 18 26 19 28 48 46 49 13 5 37 22 3 34 33 40 39 6 2 47 45 29 36 4 8 23 9 27 20 10 42 14 43 24 12 15 25 35 41 38 50
3 37 46 7 32 17 48 12 41 6 18 28 14 27 43 5 30 33 40 31 8 38 2 42 11 34 20 21 39 22 4 44 1 19 9 45 16 36 49 35 15 26 25 23 29 13 10 24 47 50
2 14 1 26 3 4 5 30 39 27 6 7 8 28 9 34 10 11 12 29 13 38 15 16 17 42 18 19 20 31 21 46 32 33 22 35 36 37 23 40 41 43 24 44 45 47 25 48 49 50
24 26 22 23 27 28 25 29 21 4 2 1 9 5 6 7 3 10 8 30 13 12 16 11 15 19 20 18 14 17 44 43 41 47 42 46 48 35 37 39 34 36 33 31 32 38 40 45 49 50
44 14 37 31 2 24 38 34 19 42 8 15 17 13 36 5 16 3 48 32 1 4 12 40 33 30 26 49 41 23 21 46 7 18 45 28 11 43 20 22 25 9 6 29 47 39 27 35 10 50
34 14 4 44 10 21 28 26 41 6 19 22 12 33 9 18 3 8 48 45 7 24 1 29 15 36 30 47 27 37 31 38 43 40 46 49 23 39 2 13 5 20 17 16 35 11 42 32 25 50
11 1 13 6 15 14 8 10 5 2 12 4 3 9 7 16
32 11 5 22 7 33 15 48 26 24 4 38 10 21 37 9 12 20 6 36 42 8 35 46 2 17 16 49 25 27 23 45 14 3 43 39 34 1 13 47 40 30 41 19 28 31 18 29 50 44
4 22 41 23 5 2 34 39 27 14 46 16 6 9 18 43 21 29 13 32 45 28 44 24 37 26 8 40 36 48 3 7 33 20 49 42 12 1 35 47 10 11 38 30 15 17 19 31 25 50
24 25 32 31 1 14 44 40 5 11 26 7 47 2 18 23 30 13 22 9 6 10 19 8 17 34 33 12 3 21 35 43 27 39 46 42 45 38 48 41 37 36 15 16 49 20 28 4 29 50
5 10 19 33 26 36 1 17 18 34 32 22 3 15 13 28 35 29 2 9 4 24 23 37 16 8 11 39 30 21 12 7 6 31 27 38 14 20 25 40
11 44 25 19 18 35 37 34 10 22 2 3 39 6 17 36 46 41 8 28 38 14 16 13 31 45 40 33 24 48 15 30 4 43 29 12 21 32 42 49 7 1 23 47 26 27 5 9 20 50
45 22 48 7 28 21 15 20 29 44 1 25 32 30 2 41 35 5 33 49 34 6 47 40 17 10 19 27 36 26 4 38 8 11 24 43 37 39 23 31 12 9 3 46 42 16 14 18 50 13
43 8 7 6 5 4 3 2 1 17 18 19 20 21 22 23 24 25 26 27 28 29 30 31 38 13 12 11 10 9 42 44 34 37 14 15 16 35 49 45 40 32 39 41 46 33 47 36 48 50
37 31 23 18 41 25 17 24 33 40 46 13 16 21 9 32 38 6 34 14 4 1 45 5 8 22 7 35 44 43 15 49 28 19 30 48 36 29 27 42 12 39 10 2 11 47 3 20 26 50
33 19 36 39 7 16 47 45 9 5 27 21 43 25 10 11 38 22 15 26 6 28 1 42 44 18 48 32 35 3 29 31 20 2 13 40 37 23 49 8 41 4 17 24 30 14 34 12 46 50
11 10 5 8 4 3 2 9 7 1 6 12
14 43 16 28 37 13 39 33 20 4 21 17 15 7 19 34 22 40 48 35 6 2 30 1 32 47 18 29 8 3 36 9 11 5 24 46 25 49 45 12 41 42 31 26 27 10 23 50 38 44
35 1 19 25 34 36 28 23 33 44 17 21 38 12 30 32 13 15 5 18 37 31 7 26 40 9 4 2 24 29 10 43 6 48 45 27 20 3 14 16 41 8 22 46 39 42 11 47 49 50
36 30 16 38 40 9 39 8 20 46 25 2 37 32 22 11 21 23 1 44 19 31 41 28 7 10 3 34 5 17 49 13 26 4 35 15 48 42 14 45 27 12 29 24 47 18 33 6 43 50
21 19 20 17 7 2 12 9 10 6 11 4 3 23 14 18 5 22 1 16 8 13 15 24
47 20 37 14 31 19 11 24 8 36 44 9 23 25 28 21 22 1 46 3 12 29 35 7 13 2 39 26 15 10 17 38 34 33 45 5 41 6 43 32 27 30 18 40 4 42 16 48
1 2 3 4 5 8 7 13 19 10 16 22 21 24 6 9 12 11 14 15 18 17 20 23 26 25 30 27 28 29 32 31 36 33 34 35 38 37 42 39 40 41 44 45 46 47 43 48
50 9 20 21 22 7 8 10 41 13 24 25 49 31 48 16 30 32 47 18 46 33 29 14 1 36 4 12 3 39 19 17 26 23 34 42 44 28 37 45 40 35 6 2 38 5 27 11 15 43
19 49 42 30 45 39 8 26 28 11 2 4 31 18 37 5 9 7 3 41 13 1 20 22 12 48 34 38 15 27 43 23 17 25 24 6 16 40 29 10 44 21 33 35 36 47 46 32 14 50
1 2 3 4 5 6 7 8 9 10 11 12 13 14 15 16 17 18 19 20 21 22 23 24 25 26 27 28 29 30 31 32 33 34 35 36 37 38 39 40 41 42 43 44 45 46 47 48 49 50
21 4 19 1 3 14 7 11 9 15 16 23 18 12 24 22 2 17 6 5 20 25 10 13 8 26
8 3 2 26 38 36 9 20 19 27 43 35 16 13 1 48 40 37 10 24 7 49 41 46 6 12 21 47 39 34 22 14 5 30 32 31 15 25 17 42 44 33 23 4 18 29 45 28 11 50
38 31 32 1 2 3 26 21 22 23 27 24 25 28 29 30 4 5 6 33 34 35 7 8 9 36 37 39 10 11 12 40 13 14 15 41 42 43 16 17 18 44 45 46 19 47 48 49 20 50
50 19 1 28 41 35 24 36 22 15 16 42 23 6 31 37 18 2 3 12 17 32 38 47 25 4 27 13 46 40 43 9 45 8 26 11 21 48 49 39 14 5 33 44 29 20 10 30 7 34
34 16 7 3 26 6 18 9 1 13 38 20 23 15 28 5 37 44 36 10 48 49 43 11 19 12 35 2 46 45 41 4 8 32 40 27 29 24 25 17 33 30 47 14 42 21 39 50 31 22
50 4 35 6 8 42 12 26 13 33 44 40 25 39 11 23 49 28 3 1 17 10 41 5 20 48 18 45 2 14 30 21 38 15 31 34 36 47 16 27 7 9 32 29 37 46 22 19 24 43
24 47 4 39 42 9 45 37 32 20 31 48 33 46 43 18 26 22 28 13 7 14 2 5 11 49 38 34 16 6 30 3 12 40 25 10 29 41 27 19 44 35 21 1 15 8 23 17 36 50
28 7 44 11 6 22 40 8 5 25 12 15 42 27 31 9 20 38 23 18 30 2 19 3 46 45 24 4 14 48 32 37 21 41 34 16 39 47 17 33 26 35 1 49 36 10 43 29 13 50
50 4 3 13 1 41 5 27 20 30 31 39 38 32 9 36 6 2 22 17 37 49 46 34 11 21 14 47 23 35 12 48 24 26 29 40 8 33 45 7 44 28 19 16 10 42 25 18 43 15
50 4 49 5 15 19 43 47 2 39 6 17 21 34 11 27 48 13 8 36 14 26 30 22 35 24 7 12 42 25 23 45 41 1 38 37 10 31 9 40 33 32 16 44 29 18 28 20 46 3
2 4 1 5 3 6
11 12 17 24 26 8 3 18 14 22 9 16 27 4 28 15 25 10 5 20 6 13 23 7 2 29 21 1 30 19
20 10 28 26 5 22 42 11 12 34 33 6 19 47 48 15 17 25 39 36 29 41 45 46 9 40 13 37 18 35 27 4 43 1 14 44 38 21 31 3 23 16 32 49 7 24 8 2 30 50
1 2 3 4 5 6 7 8 9 10 11 12 13 14 15 16 17 18 19 20 21 22 23 24 25 26 27 28 29 30 31 32 33 34 35 36 37 38 39 40 41 42 43 44 45 46 47 48 49 50
34 1 2 3 4 5 6 7 8 9 10 11 12 13 14 15 16 17 18 19 20 21 22 23 24 25 26 27 28 29 30 31 32 33
3 5 2 8 1 11 9 6 7 10 4 12
1 2 3 5 6 7 9 10 11 13 14 15 17 18 19 21 22 23 25 26 27 29 30 31 33 34 35 37 38 39 41 42 43 45 46 47 4 8 12 16 20 24 28 32 36 40 44 48
49 48 47 46 45 44 43 42 41 40 39 38 37 36 35 34 33 32 31 30 29 28 27 26 25 24 23 22 21 20 19 18 17 16 15 14 13 12 11 10 9 8 7 6 5 4 3 2 1 50
15 41 32 17 39 26 47 12 43 31 35 28 3 20 49 23 6 48 25 7 13 33 42 11 1 18 40 38 9 4 34 8 24 30 10 37 5 29 21 22 16 27 14 19 45 44 36 46 2 50
16 1 14 17 3 4 9 2 10 7 6 18 11 13 8 5 12 19 15 20
39 12 21 25 5 1 15 9 7 3 20 4 29 8 30 2 37 23 17 32 43 6 10 19 27 35 26 40 11 18 41 24 31 16 38 13 36 34 45 14 28 22 49 47 46 42 48 33 50 44
18 45 3 1 4 6 9 8 2 5 28 10 16 25 17 24 13 29 19 49 32 22 37 35 43 33 12 30 34 44 46 36 14 42 31 41 38 39 48 47 7 20 27 15 11 40 21 23 26 50
5 46 18 27 24 40 48 16 15 22 8 9 13 7 10 14 26 3 2 30 23 37 42 29 28 34 39 20 17 12 1 19 47 11 4 33 36 41 35 49 25 31 32 6 38 44 43 21 45 50
5 3 44 4 22 9 11 6 19 27 34 36 16 12 10 25 15 24 47 31 23 21 2 46 39 8 42 7 45 38 33 49 13 48 28 1 29 37 18 43 41 26 35 20 14 30 32 40 17 50
35 22 16 38 14 19 10 9 26 28 27 12 39 1 18 23 43 11 15 20 24 42 3 17 31 2 41 21 30 40 34 6 29 36 25 5 7 37 44 4 45 8 32 13 33 46
29 38 10 11 40 2 28 17 9 13 14 16 26 3 23 34 21 39 12 32 4 31 25 8 36 33 24 19 41 1 22 7 27 30 5 6 20 18 35 37 15 42
32 11 3 4 48 45 7 8 44 46 19 20 26 25 27 28 24 49 13 14 38 37 15 16 33 34 18 47 31 21 22 30 29 23 6 5 12 40 39 2 1 10 9 35 36 17 41 42 43 50
50 14 36 29 42 44 7 10 49 46 48 13 3 32 8 20 4 37 21 41 2 22 40 27 18 34 31 43 30 19 28 25 47 23 33 38 16 1 5 35 17 24 26 9 15 45 39 12 11 6
10 9 8 7 6 11 19 14 22 27 35 30 38 43 42 41 40 39 1 2 3 4 5 12 13 15 16 17 18 20 21 23 24 25 26 28 29 31 32 33 34 36 37 44 45 46 47 48 49 50
1 2 3 4 5 6 7 8 36 26 35 9 15 44 46 11 20 22 19 23 32 40 29 39 42 37 10 16 34 25 14 48 21 45 13 30 38 31 49 27 41 28 43 47 18 17 12 24 33 50
50 2 1 12 10 45 3 4 6 20 42 22 21 17 7 14 47 13 46 23 25 34 15 36 38 24 5 19 40 26 27 31 35 37 32 11 18 8 16 9 30 33 43 28 39 29 41 48 44 49
18 26 30 12 45 31 33 44 23 11 13 6 5 15 41 34 47 22 24 16 38 9 2 42 14 43 1 3 10 25 37 36 4 7 32 48 8 40 17 28 46 49 27 20 39 35 21 19 29 50
6 4 5 1 2 3
16 32 6 45 39 43 3 35 1 23 31 15 47 33 22 37 14 29 27 36 2 10 30 7 21 11 44 12 8 9 13 5 18 41 4 19 26 38 25 49 48 28 34 40 17 24 42 20 46 50
5 2 18 22 23 9 31 24 14 15 49 19 37 36 48 26 4 3 34 42 28 12 21 11 44 35 7 40 47 46 16 25 10 1 38 45 30 32 43 33 41 20 39 27 6 13 17 8 29 50
32 6 37 15 21 20 34 28 33 13 3 44 10 40 49 38 12 31 14 22 23 5 16 27 41 26 42 48 24 17 29 7 25 11 8 4 47 43 45 9 19 1 46 36 35 30 39 2 18 50
33 48 32 38 2 3 44 26 10 20 5 27 42 34 21 9 25 1 43 16 19 29 28 18 8 31 35 14 49 40 4 45 7 13 22 15 23 47 36 30 39 41 46 6 17 24 37 11 12 50
5 39 20 43 23 2 7 40 27 36 11 19 33 31 42 6 44 8 1 34 9 30 21 13 10 16 38 35 25 41 47 3 46 37 45 24 17 14 4 32 15 26 28 12 48 18 29 49 22 50
9 3 8 1 2 4 10 5 6 7 11 12
10 4 6 11 1 2 33 12 14 18 3 5 43 16 17 37 7 8 49 21 22 15 9 13 23 24 28 48 19 20 38 29 30 25 26 27 36 31 34 40 32 41 35 39 44 42 46 47 45 50
50 5 1 42 24 39 32 47 27 25 26 37 13 49 6 8 4 14 17 46 19 33 9 12 45 43 35 48 28 16 31 22 11 36 40 41 30 3 44 21 15 18 23 7 38 2 20 10 29 34
5 11 1 35 30 26 3 15 2 34 27 28 7 8 10 37 43 29 17 9 4 33 32 41 13 6 24 36 46 39 19 21 12 42 38 31 16 14 18 48 47 44 20 23 25 49 45 40 22 50
18 41 33 24 16 43 6 8 12 9 2 47 17 1 19 22 15 14 26 21 45 31 10 28 27 34 25 7 20 4 5 35 30 13 3 46 11 39 37 40 38 48 44 42 23 36 32 29 49 50
42 19 6 17 39 22 27 32 49 14 38 44 48 43 36 18 3 37 25 33 12 24 21 13 1 28 40 7 11 10 9 16 35 4 5 8 45 41 30 29 47 31 20 46 26 23 34 15 2 50
28 16 31 32 37 27 33 20 29 18 34 49 24 43 47 15 4 42 46 3 23 10 7 8 40 14 25 48 1 13 30 39 45 36 38 5 26 41 35 44 22 6 21 19 12 2 11 17 9 50
11 30 20 27 34 16 15 39 41 40 43 18 42 12 26 13 21 3 22 48 38 6 44 1 2 28 7 23 17 33 19 47 5 49 31 45 24 14 9 46 8 10 35 37 4 36 25 32 29 50
28 37 47 44 3 38 20 2 15 31 22 34 26 39 18 11 6 36 13 10 16 19 45 5 1 24 14 42 7 48 30 25 27 29 23 8 41 43 4 12 40 49 21 17 35 9 33 50 46 32
9 5 3 8 12 2 4 11 10 6 7 1 13 14
13 14 1 15 19 18 2 11 6 5 10 16 8 17 7 4 3 9 12 20
16 15 2 1 5 7 12 4 6 14 11 10 9 3 13 8
1 2 3 5 4 8 6 7 9 10 12 13 11 15 14 16 17 18 19 20 21 22 23 24 29 28 27 25 26 30 33 32 34 31 36 35 38 37 39 40
29 2 7 36 43 19 11 42 1 10 5 34 15 17 40 37 45 22 27 3 24 38 31 9 25 48 6 21 44 8 16 28 49 4 20 47 32 23 41 30 46 14 35 12 26 33 13 18 39 50
15 1 8 25 32 29 5 41 2 48 6 33 35 44 40 3 12 42 39 14 26 17 11 21 22 7 16 19 10 18 4 49 45 23 20 30 31 13 46 28 9 38 34 37 47 27 24 43 36 50
1 2 3 4 5 6 7 8 9 10 11 14 19 22 27 30 35 38 43 46 45 44 31 32 33 34 12 13 15 16 17 18 37 36 39 40 41 42 20 21 24 23 26 25 28 29 47 48
1 2 3 4 5 6 7 8 9 10 11 12 13 14 15 16 17 18 19 20 21 22 23 24 25 26 27 28 29 30 31 32 33 34 35 36 37 38 39 40 41 42 43 44 45 46 47 48 49 50
35 8 33 1 29 28 27 26 22 23 24 25 3 2 4 5 6 7 37 9 10 11 12 13 14 15 16 17 18 19 21 20 30 31 34 36 40 39 38 32 41 42 43 44 45 46 47 48 49 50
13 4 21 22 44 6 45 7 36 40 42 25 3 18 24 31 43 47 14 37 46 2 8 17 41 39 49 23 11 19 29 9 34 26 5 48 38 27 15 16 30 32 1 35 33 10 20 12 28 50
48 46 47 39 37 25 42 9 19 24 1 16 20 14 43 5 2 34 21 45 3 22 33 15 35 17 26 6 7 32 31 36 27 18 10 41 38 28 40 30 23 29 8 11 12 13 4 44
30 23 13 3 31 14 49 5 45 10 17 44 18 34 9 29 39 11 25 41 40 33 43 37 27 1 19 21 46 26 35 7 28 2 4 32 12 38 22 20 36 48 42 15 6 8 47 24 16 50
37 6 40 1 42 23 24 41 4 19 33 14 36 9 45 43 39 15 46 20 16 13 30 26 38 35 47 31 5 44 49 18 21 17 32 11 2 8 28 34 25 27 7 3 29 48 12 10 22 50
41 19 7 1 2 14 3 8 25 10 15 5 6 28 16 20 23 4 17 34 21 13 24 31 22 9 26 29 32 42 36 40 33 27 39 11 37 35 18 45 43 44 12 49 46 47 38 48 30 50
39 49 1 6 19 2 4 15 23 32 8 11 25 38 28 37 18 34 45 40 20 44 31 48 27 9 3 33 21 43 41 12 16 14 42 46 35 5 36 24 47 22 17 30 7 13 26 10 29 50
16 40 48 44 25 36 30 14 27 19 24 32 43 49 29 1 3 7 33 15 26 22 18 4 12 37 38 20 21 47 13 41 8 46 35 45 23 11 9 39 10 6 34 5 31 2 42 28 17 50
5 3 1 2 4 6
15 27 38 41 33 3 14 26 46 30 18 28 37 12 22 34 9 11 40 29 2 36 43 21 8 25 49 35 45 13 24 4 16 31 5 19 1 6 39 23 10 7 42 32 44 47 17 20 48 50
9 1 6 8 4 7 2 10 3 5 11 12
20 19 13 12 4 5 10 11 14 8 7 6 9 23 22 18 17 16 15 1 2 3 21 24
46 13 9 22 10 2 27 8 43 3 38 24 14 15 36 7 18 47 42 29 28 16 34 20 4 21 44 11 37 35 12 5 40 26 23 6 49 32 48 39 17 41 45 1 33 31 30 19 25 50
1 42 3 11 6 36 48 38 20 4 23 27 32 34 30 41 13 15 19 10 49 25 21 26 39 7 2 22 28 35 29 37 14 45 33 47 5 17 46 16 12 40 43 9 31 8 24 18 44 50
39 12 31 33 1 3 17 44 10 38 5 35 4 49 11 8 20 45 37 47 36 32 41 15 18 13 25 28 48 9 26 40 7 43 30 14 21 23 2 22 29 19 42 34 6 46 27 16 24 50
40 4 22 1 29 16 39 3 6 21 26 27 2 31 20 17 30 15 11 13 47 49 45 19 41 44 24 33 36 25 34 8 28 5 37 12 10 7 23 35 43 9 46 32 48 38 42 14 18 50
3 2 1 5 4 8 7 6 11 14 19 22 27 30 35 38 43 46 45 41 40 36 37 33 32 28 29 25 24 20 21 17 16 12 13 9 10 15 18 23 26 31 34 39 42 44 47 48
2 16 28 43 47 39 4 29 42 44 40 25 26 30 35 15 7 23 34 48 11 17 21 22 31 6 1 12 18 46 9 13 24 38 41 45 5 20 27 36 8 10 19 32 37 14 3 33 49 50
6 21 12 26 31 4 14 47 36 45 23 22 43 9 39 2 29 20 25 10 46 34 19 8 41 24 40 17 5 49 11 33 37 32 3 13 42 30 28 18 38 27 7 15 1 48 35 44 16 50
1 4 6 3 5 7 2 8
47 12 8 21 23 1 2 15 38 11 28 16 25 4 44 7 29 49 22 45 3 13 36 33 10 27 34 9 39 32 20 26 31 19 17 24 6 35 5 46 14 30 40 37 18 48 43 41 42 50
14 5 12 9 11 1 2 3 13 6 10 8 7 4
40 10 32 38 29 17 20 36 13 39 46 4 35 5 33 21 11 6 1 3 23 25 26 45 30 28 24 18 16 7 12 27 9 19 22 47 49 44 48 42 43 37 31 34 41 8 2 15 14 50
6 3 2 1 4 5 7 8
48 47 46 43 44 45 1 2 3 6 5 4 10 11 12 9 8 7 13 14 15 18 17 16 22 23 24 21 20 19 25 26 27 30 29 28 34 35 36 33 32 31 37 38 39 42 41 40
1 16 25 45 23 30 5 12 7 18 6 41 32 19 10 26 28 36 4 27 20 33 3 8 22 21 24 37 42 13 29 9 38 44 34 43 15 40 46 49 2 14 35 17 39 47 48 11 50 31
12 14 1 19 13 8 6 20 15 24 23 3 4 17 9 16 11 10 18 21 7 25 22 5 2 26
12 1 3 5 2 4 6 8 7 9 11 13 10 15 14 16
3 2 1 5 4 8 7 6 11 19 14 22 27 35 30 38 43 42 41 45 44 9 13 12 16 15 10 17 21 20 24 23 18 25 29 28 32 31 26 33 37 36 40 39 34 46 47 48
43 21 23 8 31 16 45 6 22 34 29 35 44 40 1 13 14 30 27 9 36 20 32 24 4 5 17 12 18 15 19 26 37 28 3 33 42 38 41 11 39 10 47 25 7 2 46 48
1 27 26 28 2 29 30 31 3 32 33 34 4 35 36 37 5 38 39 40 6 41 42 43 7 44 45 8 9 10 46 11 12 13 47 14 15 16 48 17 18 19 49 20 21 22 50 23 24 25
17 19 30 31 47 49 9 28 7 48 6 24 44 36 40 43 3 1 8 38 27 11 23 5 29 41 25 12 21 39 34 15 13 2 26 42 45 32 46 4 16 22 37 33 18 10 14 35 20 50
38 40 41 43 46 48 47 45 5 12 20 13 21 28 36 29 37 44 42 7 8 6 4 15 16 14 11 9 10 26 25 27 30 32 31 3 1 2 18 17 19 22 24 23 49 39 34 33 35 50
47 33 25 3 28 7 22 26 18 15 17 34 8 10 20 45 19 29 9 44 38 40 12 14 37 16 42 5 46 39 11 6 35 36 4 2 13 32 48 41 23 21 1 43 30 27 24 49 31 50
28 19 30 49 26 29 38 42 11 27 34 37 24 18 12 41 45 3 25 14 6 22 5 36 1 10 7 44 31 43 40 23 47 21 20 32 15 9 16 33 4 39 13 48 2 8 46 35 17 50
11 2 4 27 1 7 12 30 6 3 9 32 34 22 8 16 29 17 23 5 26 19 24 25 39 33 28 13 38 14 18 42 40 47 10 37 31 36 21 41 48 44 15 46 35 43 20 49 45 50
5 9 1 3 6 8 7 2 4 10
49 1 3 8 2 10 41 6 38 43 36 16 22 35 47 27 32 15 28 18 45 21 31 26 9 4 37 17 48 19 42 23 46 34 11 29 24 33 44 20 14 39 12 7 25 40 13 30 5 50
22 23 21 20 1 2 3 4 5 6 7 8 9 10 11 12 13 14 15 16 17 18 19 24
37 43 2 6 20 29 4 22 18 17 32 47 15 35 48 41 31 36 1 16 40 7 46 21 19 11 34 49 44 45 14 23 42 10 5 26 24 13 12 9 38 39 27 30 33 3 28 25 8 50
22 1 27 9 6 12 19 28 24 37 30 44 40 25 8 5 7 43 11 14 26 3 4 13 38 31 34 42 16 17 32 18 45 20 36 23 10 39 33 46 21 29 2 47 35 48 15 41
20 14 18 11 4 21 12 8 7 5 17 9 6 19 1 2 10 3 15 16 22 13
41 47 17 6 32 9 10 13 45 48 12 40 8 5 31 29 22 28 25 24 18 34 44 11 16 14 15 38 26 27 39 43 4 42 30 20 3 2 19 33 36 1 21 46 7 35 49 37 23 50
4 5 6 7 8 9 10 11 12 13 20 21 22 23 26 27 25 24 29 28 1 2 3 15 14 18 19 16 17 30
48 13 22 6 36 3 30 32 23 9 11 38 8 10 21 35 27 18 40 29 39 41 46 34 14 7 31 28 49 17 25 42 44 19 1 24 12 45 20 47 33 43 4 5 37 26 15 16 2 50
4 14 8 2 12 1 6 13 3 10 5 11 9 16 7 15 17 28 18 24 25 30 20 22 29 19 26 21 27 31 23 32 33 44 34 40 41 46 36 38 45 35 42 37 43 47 39 48 49 50
10 20 13 9 40 46 6 15 37 35 47 33 25 41 1 19 11 23 5 39 31 2 32 43 16 12 29 42 24 14 34 27 28 4 38 36 30 7 45 8 18 17 26 44 21 22 49 48 3 50
38 36 31 14 46 3 16 26 12 8 37 45 24 23 25 42 4 1 6 28 29 15 32 13 33 22 17 44 40 47 27 7 18 39 30 19 21 49 35 20 11 2 48 34 43 41 9 10 5 50
19 20 21 22 11 12 7 6 5 29 25 26 27 28 32 31 30 34 33 35 36 37 38 4 3 2 1 24 39 10 9 8 14 15 16 17 18 23 13 40
22 44 1 40 46 11 33 12 36 35 43 45 31 7 13 23 34 39 20 14 8 28 27 15 6 18 48 30 41 5 24 37 21 19 3 26 42 32 29 2 17 25 47 9 10 38 4 49 16 50
32 31 15 37 1 3 30 16 14 12 35 9 42 38 13 43 21 27 2 46 20 23 5 34 17 11 19 7 4 26 18 36 33 40 39 41 28 49 48 29 24 8 25 47 44 45 10 6 22 50
43 1 3 2 4 6 5 7 9 8 10 12 11 13 15 14 16 18 17 19 21 20 22 24 23 25 27 26 28 30 29 31 33 32 34 36 35 37 39 38 40 42 41 45 47 46 44 48 49 50
3 2 1 5 4 8 7 6 11 14 19 22 21 17 16 12 13 9 10 15 18 20 23 24
35 2 40 1 27 19 32 3 23 14 24 25 43 48 30 20 41 33 46 36 22 8 10 11 39 18 12 28 34 17 29 7 31 13 45 44 21 15 38 37 49 42 6 9 16 47 26 4 5 50
8 4 33 35 12 1 27 39 25 23 28 13 24 44 9 16 34 7 31 2 41 45 42 48 37 29 20 5 6 15 17 43 10 38 3 11 47 22 18 14 30 49 21 19 26 40 36 32 46 50
1 3 5 2 4 6 7 9 8 10
18 4 8 37 32 34 11 23 5 43 44 39 17 13 21 36 40 28 2 1 7 33 29 38 10 22 6 41 27 49 16 9 20 48 31 47 3 24 15 26 46 35 25 12 14 45 42 30 19 50
18 17 21 20 24 23 22 6 11 19 14 27 35 30 38 43 42 41 45 44 1 5 4 2 3 46 47 7 8 9 13 12 16 10 15 25 29 28 32 31 26 33 37 36 40 39 34 48
11 12 13 14 15 16 17 18 19 20 21 22 23 24 25 26 27 28 29 30 31 32 33 34 35 3 2 1 45 46 10 9 8 40 39 38 6 5 37 36 4 41 42 43 7 44 47 48
6 2 4 5 1 7 3 8
6 34 45 23 11 7 15 12 10 22 14 36 49 3 43 13 33 1 44 19 28 24 21 18 17 32 30 48 39 37 35 26 27 8 5 29 9 4 41 20 25 42 38 31 2 47 46 40 16 50
7 5 4 3 1 2 8 9 10 11 12 13 14 15 16 17 18 19 20 21 22 23 24 25 26 6 27 28 29 30 31 32 33 34 35 36 37 38 39 40 41 42 43 44 45 46 47 48
3 39 26 7 42 5 15 43 47 6 25 35 48 17 45 30 2 18 31 37 33 20 21 16 49 8 24 38 19 44 28 27 29 14 22 11 9 10 1 4 13 23 40 32 12 34 46 36 41 50
5 3 4 1 2 6
45 21 42 24 44 27 23 28 20 15 9 12 4 8 37 13 35 40 30 29 7 5 33 36 10 17 25 22 19 1 3 26 32 41 11 6 34 18 14 31 2 16 38 39 43 46
26 25 24 23 22 11 14 19 27 30 35 38 43 46 45 44 6 5 4 3 2 1 10 9 8 7 15 16 17 18 42 41 40 39 47 13 12 34 33 32 31 21 20 37 36 29 28 48
22 20 13 32 23 2 37 34 9 7 17 48 49 12 39 43 33 19 16 11 42 45 10 5 36 29 8 35 24 44 31 1 15 26 41 47 25 18 38 28 6 27 21 4 46 3 14 40 30 50
23 20 16 22 36 5 2 13 1 3 18 12 10 14 21 24 26 34 44 15 33 37 39 48 29 25 41 17 40 49 7 19 45 30 38 43 31 4 8 6 9 35 32 27 42 11 46 28 47 50
20 7 31 13 17 35 6 30 9 32 21 23 1 18 15 14 44 8 49 34 4 47 33 26 24 2 43 19 39 25 11 37 22 12 5 48 42 46 38 41 45 3 16 28 29 10 40 36 27 50
3 2 1 4
20 22 8 9 2 5 10 4 1 7 3 6 11 13 14 24 25 23 18 16 19 12 15 21 17 26
30 15 47 23 2 18 8 48 49 25 1 31 40 4 5 39 29 17 43 38 20 14 34 6 9 7 27 21 12 42 36 28 35 24 26 10 19 32 46 3 11 16 37 45 22 44 41 33 13 50
40 6 1 5 3 22 4 26 11 7 12 10 14 8 19 38 2 17 9 21 13 23 25 18 20 16 33 15 24 31 34 39 27 36 37 35 41 46 29 42 45 30 32 47 44 49 28 43 48 50
36 5 29 31 15 20 25 33 12 30 1 37 14 22 4 27 41 47 2 28 42 13 6 43 16 21 49 18 44 40 23 34 11 46 7 10 39 45 35 8 26 19 3 32 9 38 24 48 17 50
23 8 16 39 28 15 46 6 32 4 1 26 44 29 41 45 25 21 35 5 14 9 18 19 12 48 42 30 3 22 13 24 17 49 27 7 31 36 47 10 40 33 20 34 38 43 37 11 2 50
10 2 32 11 22 29 18 19 36 28 37 4 7 26 41 6 13 47 17 8 46 44 9 20 1 35 48 3 42 15 30 27 40 43 34 16 49 24 14 23 12 31 25 39 21 38 45 33 5 50
11 2 14 45 10 25 20 28 9 33 44 4 27 7 23 22 47 35 36 1 21 3 46 48 43 13 37 49 31 24 15 17 40 29 30 18 6 42 34 41 19 12 5 26 38 39 16 8 32 50
3 2 1 5 4 8 7 6 11 19 14 22 27 35 30 38 43 42 41 45 44 9 13 12 16 15 10 17 21 20 24 23 18 25 29 28 32 31 26 33 37 36 40 39 34 46 47 48
25 2 15 6 12 21 22 18 20 14 13 17 4 1 7 24 23 10 5 3 16 8 11 19 9 26
1 2 3 5 6 7 4 8 11 9 10 13 14 15 12 16 19 17 18 21 22 23 20 24 27 25 26 29 30 31 28 32 35 33 34 37 38 39 36 40 43 41 42 45 46 47 44 48
18 11 10 4 5 6 1 8 7 14 17 16 3 9 2 13 15 12
7 29 17 47 11 45 1 8 12 42 26 18 44 37 31 14 49 22 24 9 32 30 35 16 23 19 28 36 10 15 46 27 5 48 2 41 25 43 21 13 20 38 40 6 39 4 34 33 3 50
35 3 1 5 6 39 15 16 42 18 37 24 45 23 31 20 19 7 4 8 2 33 12 21 11 49 46 47 34 40 36 38 27 43 14 48 17 28 10 13 9 22 30 25 26 29 32 44 41 50
32 31 30 18 17 16 34 33 15 14 13 35 36 37 11 12 1 47 46 45 3 4 5 43 44 2 6 7 41 42 8 9 10 40 39 38 19 20 21 27 28 29 22 23 24 25 26 48
50 38 4 5 27 20 47 29 42 23 15 6 14 21 26 9 7 10 3 35 16 2 37 39 18 17 34 25 22 48 30 11 40 19 13 32 41 1 49 24 44 33 43 8 45 31 28 36 12 46
5 6 7 21 1 2 12 8 10 16 3 4 15 17 18 9 11 13 22 23 24 14 19 20 30 25 31 46 26 27 35 38 39 28 29 32 42 40 41 33 34 36 43 44 47 37 45 48 49 50
1 5 3 4 2 6
12 26 27 41 19 20 13 11 14 35 16 33 32 5 31 49 48 2 21 3 10 42 38 18 28 43 6 47 39 8 34 40 7 23 44 15 1 25 22 45 29 4 24 30 36 17 37 9 46 50
1 2 3 6 7 4 5 8
50 2 1 46 45 44 43 42 41 40 39 38 37 36 35 34 33 32 31 30 29 28 27 26 25 24 23 22 21 20 19 18 17 16 15 14 13 12 11 10 9 8 7 6 5 4 3 47 48 49
13 7 30 25 14 31 1 12 21 2 6 4 33 17 15 8 18 16 19 3 28 34 35 20 11 27 29 26 10 22 5 23 24 9 32 36
23 10 35 30 14 20 45 7 38 13 16 17 11 12 5 46 29 36 31 27 28 21 22 42 9 33 1 44 34 25 4 26 40 15 32 8 19 2 18 6 43 39 47 3 37 24 48 41
36 34 49 40 7 1 8 37 14 46 43 31 22 32 25 26 3 19 38 15 24 23 33 6 41 18 21 16 45 12 39 10 35 47 48 29 17 30 5 42 11 9 13 28 44 2 4 20 27 50
7 8 9 10 11 12 6 5 4 13 14 15 1 2 3 17 16 18
50 1 3 4 6 2 5 10 8 9 12 15 14 11 17 22 13 7 18 26 23 20 16 24 21 19 29 28 27 37 31 30 32 33 44 36 39 38 35 34 45 46 47 43 42 41 49 48 40 25
39 12 21 25 5 1 15 9 7 3 20 4 29 8 30 2 37 23 17 32 43 6 10 19 27 35 26 40 11 18 41 24 31 16 38 13 36 34 45 14 28 22 49 47 46 42 48 33 50 44
30 15 40 6 24 29 12 33 10 5 36 38 47 2 49 1 28 8 3 39 4 22 42 25 11 21 26 20 35 32 13 43 14 44 19 7 48 31 16 9 41 27 17 37 23 46 45 34 18 50
46 6 1 33 4 28 20 18 39 38 2 31 34 43 41 16 32 8 25 13 3 14 37 5 9 17 7 19 10 44 24 36 42 35 29 40 11 12 15 27 22 26 21 23 30 45
14 44 40 11 10 18 33 23 2 31 41 9 21 19 39 3 5 34 32 26 1 36 28 8 17 20 6 45 29 37 16 42 35 4 22 13 30 43 25 15 27 24 38 12 7 46
4 5 36 37 2 26 7 1 35 15 24 22 45 29 43 47 41 33 28 25 18 14 44 20 3 9 12 17 38 49 46 42 39 30 11 32 34 27 10 16 13 21 40 8 19 31 23 6 48 50
7 1 13 40 22 19 6 30 34 49 48 45 10 18 20 16 27 44 42 9 21 17 35 5 24 39 43 23 8 32 26 14 11 15 4 2 12 46 31 36 38 29 47 37 33 41 25 28 3 50
12 21 22 18 20 14 13 17 4 1 7 24 23 6 15 2 25 5 10 9 19 11 8 3 16 26
14 3 27 8 6 4 9 12 5 2 17 22 23 10 21 15 13 19 7 26 11 28 20 29 18 25 16 1 24 30
20 21 19 30 28 39 37 38 1 3 2 12 10 11 4 6 5 15 13 24 22 33 31 42 40 41 7 9 8 18 16 27 25 36 34 35 14 17 23 26 29 32 43 44
18 46 16 19 22 26 3 31 30 11 24 20 6 21 7 33 38 25 17 39 45 13 49 48 23 41 36 8 29 34 1 35 12 32 2 9 15 4 28 43 40 5 10 42 14 44 37 47 27 50
16 43 25 18 21 37 17 19 45 1 8 48 34 28 46 4 31 41 39 5 42 23 12 32 35 20 44 29 7 36 38 26 11 6 15 10 14 13 33 3 27 47 9 22 24 30 40 2 49 50
1 15 25 10 18 34 11 23 24 2 36 46 37 20 14 7 29 45 27 43 47 4 6 49 12 5 22 3 9 19 32 48 40 39 17 8 44 41 30 33 28 31 26 38 42 21 35 13 16 50
22 39 13 47 21 36 44 45 42 12 10 6 5 40 35 31 27 11 30 16 9 41 8 34 24 1 25 46 17 26 29 7 18 15 38 14 23 48 49 33 4 2 37 32 20 3 43 19 28 50
33 9 8 7 2 1 3 23 5 6 11 10 38 39 19 18 17 16 15 14 13 12 47 27 28 29 30 31 32 25 24 4 22 21 20 49 34 35 36 37 46 45 44 43 42 41 40 48 26 50
23 37 41 12 20 32 10 18 22 15 2 8 24 7 48 4 16 47 21 38 13 30 36 46 9 34 19 5 44 1 29 26 3 43 31 45 17 42 35 33 28 49 14 40 25 27 6 39 11 50
27 9 15 33 40 10 41 28 2 5 13 17 18 23 7 1 16 34 24 21 35 20 32 36 14 46 31 25 26 3 30 43 19 47 12 22 6 39 4 44 8 11 29 37 42 38 45 48
30 31 18 19 20 21 13 5 9 17 25 29 33 37 41 45 44 43 42 46 47 34 35 36 1 2 3 4 6 7 8 10 11 12 14 15 16 22 23 24 26 27 28 32 40 39 38 48
23 20 12 30 19 4 17 13 21 5 8 27 6 2 26 31 16 11 7 9 3 24 10 29 18 15 25 14 22 1 28 32
1 2 3 26 27 28 25 4 5 29 30 31 24 6 7 32 33 34 23 8 9 35 36 37 22 10 11 38 39 40 21 12 13 41 42 43 20 14 15 44 45 46 19 16 17 47 48 49 18 50
3 1 4 2 6 8 5 7 10 11 9 12 13 15 14 16
18 3 20 8 24 4 13 6 25 7 11 5 23 2 10 14 9 15 17 22 1 12 16 19 21 26
